use	3.2.5.0			ccdsup_stack8.ini			ccdredir.dat  # for the following office number

1234
8096
5503
4720
5582
7608
5497
8484
4150
8083
3390
3219
8627
5867
8588
8630
3408
9222
9230
6211
0521
4376
8020
8518
8868
9226
9218
0678
8665
7599
2714
8626
9189
7556
8248
8630
650f
9241
0497
0674
0744
0746
1039
1953
3233
3262
3318
3363
3467
4279
4541
4543
4771
4960
5135
5294
5308
5385
5391
5449
5467
5614
5940
6339
7512
7547
7571
7585
7722
8102
8448
9103
4050
4860
5651
5667
5674
5903
7530
7621
7707
7728
7545
7715
7729
7733
7741
7746
7762
7791
7815
7846
7862
7889
7890
9209
9207
9198
9196
9186
9183
9180
9164
9157
9127
9116
9110
9106
9066
8085
8867
3390
8949
4653
8508
8760
8801
8124
7970
8581
8004
7824
8349
0522
7798
5900
8384
5055
7895
8431
8402
4847
4819
7716
8311
8021
8317
4822
8406
7875
2044
8549
4776
8429
8783
9017
7805
7748
8522
8691
3536
8075
8800
8140
9045
8343
9142
8282
9029
7990
7911
8610
8304
8752
9008
8704
9002
8827
9050
8859
8150
8977
4315
8666
7880
4150
9239
7873
9134
8694
8271
8576
8670
8398
4856
9058
0608
8689
8676
5734
8741
9067
9068
8561
8844
5479
9108
8276
9111
8601
9030
8680
8339
8482
4123
4301
8674
2060
8442
8319
8858
2041
8419
8111
5094
3144
6287
8960
3612
8333
8366
8360
6161
8492
1856
4275
9061
7900
7904
7923
7934
7995
7952
7998
8015
8038
9048
9040
9038
9012
8994
8985
8973
8964
8933
8904
8866
8853
8843
8814
8807
6173
9240
5627
8100
8685
8367
8591
5794
8962
7977
9054
5283
7790
0499
6231
3851
4951
4614
6333
9078
1987
8450
4193
8558
4209
8529
7520
8998
3363
4504
8461
7533
5207
5388
8368
7587
5002
6071
8306
8066
8154
4870
7927
5597
4714
8120
8069
7505
7835
7591
7600
9174
7576
8672
8357
7636
8923
7812
4063
7546
9056
5037
8393
3016
7885
7560
5832
8776
5414
7628
8901
2097
8947
9179
7559
7577
7955
8851
5361
1470
8552
0464
7563
6191
8687
7602
8525
8841
7696
7610
7584
8882
9177
3623
7562
8386
5897
8267
8017
7757
8465
9121
4154
7878
8108
8394
3484
8781
4176
5901
8802
8205
8411
7931
8936
1862
7924
8553
8430
5317
8765
4869
7538
9075
8171
7844
8330
9084
8337
8810
7978
7954
8256
8114
8688
8139
3014
8692
0644
8106
5380
8473
8004
7723
8634
8770
7794
8757
8629
8445
5958
8073
7694
7527
7543
5122
8656
5389
7749
5294
8636
4246
8275
5381
8350
7969
8562
8675
9049
7738
7566
6264
8457
6006
7864
4506
5424
1638
5177
5575
5413
7717
5870
5441
5293
7982
6339
8696
5316
4860
8842
8742
8852
8796
8503
9065
8049
5362
5396
8499
8541
7523
8347
8902
7607
8280
5680
8173
4588
5854
5132
7626
8122
8643
8567
8804
9159
8771
2173
8446
8598
8257
8468
8452
7511
7918
7912
8302
5445
8693
9105
8174
7926
9160
8641
8467
5634
8512
8737
8167
8570
4412
4701
7903
9047
8528
5460
7999
8204
4658
4381
4647
8112
8653
7614
8272
7661
8635
4903
8236
4190
8916
9014
7829
8123
8731
8180
7871
8875
7685
8637
7991
8186
8574
0651
8608
8501
8324
1716
4630
8806
7569
8819
8638
8897
8589
7784
5816
7867
5084
7941
7689
8509
8519
6014
8673
8646
8885
4617
9169
7604
9149
4533
1986
5035
8556
9057
7956
7714
8162
8291
8645
7992
7946
7740
8559
7902
5411
8103
8788
8903
8063
7755
7645
8433
7674
4285
4475
4196
4863
7510
5298
9153
7637
4220
6316
7612
7818
0383
7922
8115
8287
8288
9148
8054
9077
1428
4730
8414
8045
3338
0444
7665
7917
8065
0756
7758
8081
8278
8554
8142
5118
8116
7572
7786
7632
7993
5508
7781
8285
8864
7849
8095
3838
8566
7513
8183
8937
8351
7823
2948
7697
8498
9992
1000
8331
8197
7582
7589
4808
7940
8293
8408
8799
8312
8527
6319
8372
5032
8210
8565
7821
7578
7745
8376
8951
9132
7625
8475
8221
8735
1611
8502
7516
7539
5518
8896
7692
7522
9145
7731
7634
4889
8609
4471
9171
7859
7521
8316
8914
7660
7958
8838
7652
8544
8531
8052
8084
8260
7710
8917
5534
8491
8050
9093
4618
5229
9156
7843
7586
8391
8511
0930
9006
8156
8507
8514
0116
7646
5726
8818
8146
7959
8568
9104
5690
4417
8208
4805
2003
5387
5356
8520
8500
4358
5973
7525
3512
8953
8798
4308
7712
9155
8416
8212
5355
8061
0368
4699
8229
8361
8740
8981
6293
9072
5399
9074
9019
9152
7765
8495
7583
8397
7737
8888
8889
8828
8803
7785
7724
9994
9166
8399
8283
8548
8218
8284
8763
9055
8835
9094
7742
8126
7656
9172
5611
8485
2225
8496
8315
8930
8001
8830
5278
5466
9100
7649
8700
8056
8999
0728
4377
8077
8410
8147
2909
5565
7693
7754
8232
8268
8297
8030
8573
8235
7960
8940
8803
8671
8554
7500
8543
5166
7986
8816
5623
5239
8815
8628
8305
3758
8651
8217
8076
7620
8792
9181
4174
8160
8714
9182
8008
7792
8158
8754
8777
5868
8238
5659
7514
8520
8825
5837
1720
6312
9184
8663
1875
8728
5507
4797
1543
8956
7753
8459
5615
8791
7908
7764
7708
8857
4985
8131
8455
0879
8155
8046
9192
8983
4818
7942
4879
8451
7881
8237
9022
8551
8966
605f
9021
9063
8526
8959
8281
5702
9200
9700
8225
7643
4817
8228
8194
7876
7828
9204
4778
454G
7877
9210
9206
4873
8392
4149
8629
5170
8427
8097
9211
8927
8377
7874
6118
7820
5823
5729
7735
4463
8129
9214
5753
8794
8708
9003
9217
8831
7935
8789
8712
7688
5915
5665
7780
8454
9212
9004
1375
8599
7760
2168
8152
8185
9219
9223
9220
9191
5319
6158
8440
2027
8151
9999
8314
8699
9037
8336
7775
8153
8135
9233
8996
8227
7796
7961
4219
9234
9018
5796
8931
7803
9236
9237
8182
9235
7948
8679
7531
8710
4171
8041
4926
4177
2616
6159
4826
7826
9241
7594

use 3.2.3.0 ccdsup.ini ccdredir.dat
#for all other office numbers.
#end-of-file